CH3 CH2a CH2X CH 
0.21098450860879 0.197364793327945 0.493719194652879 0.097931503410386
0.28675788850811 0.189469924535471 0.424524627219166 0.0992475597372518
0.236183598832766 0.0965911528810045 0.562722620301906 0.104502627984323
0.191850082408928 0.120221062582906 0.591532480662558 0.0963963743456086
0.298695961398349 0.147504067259334 0.451492674577862 0.102307296764455
0.266324399784396 0.14743529158427 0.490758223268269 0.0954820853630644
0.26462119575809 0.0949927470466735 0.550697309263792 0.089688747931445
0.225459528271123 0.232411228361266 0.43938132381065 0.102747919556961
0.293493299821337 0.213601103476768 0.396786301379846 0.0961192953220487
0.279520504567129 0.251007325245991 0.377436640007271 0.092035530179609
0.266593140954501 0.165652236800174 0.468144754986529 0.0996098672587966
0.260147883779223 0.22175245856735 0.426180864951482 0.0919187927019447
0.240530119604481 0.226470041891772 0.436882006082643 0.0961178324211036
0.26169568569015 0.127318836872836 0.505810573685781 0.105174903751233
0.220524604450239 0.183871236367281 0.494371538267985 0.101232620914495
0.236378865361144 0.127346882475246 0.534932355069746 0.101341897093864
0.218008698267764 0.187168260281393 0.493495326550104 0.101327714900738
0.271711711364967 0.211439180925148 0.411943110489506 0.104905997220379
0.263499651435131 0.142543110445098 0.502761049587843 0.091196188531927
0.246600128660779 0.149103794521208 0.507309760077375 0.0969863167406378
0.240061666158783 0.136175867676465 0.535640494926659 0.0881219712380926
0.296705539768206 0.21545280493918 0.388658453769171 0.0991832015234424
0.203801476984049 0.13008014326427 0.573083309819919 0.0930350699317616
0.256149253904365 0.174480132646735 0.467733089892146 0.101637523556754
0.276191731155821 0.196558280897107 0.430437306477204 0.096812681469868
0.260465484050715 0.0930602924903065 0.5525699934048 0.0939042300541785
0.264374786376503 0.162549063593282 0.475673150674235 0.0974029993559793
0.207459111990794 0.144219347971613 0.548010670345758 0.100310869691835
0.325361084145382 0.243028671110077 0.332404981694935 0.099205263049606
0.274640577750214 0.206281485059429 0.414117040872482 0.104960896317876
0.239973986439132 0.241251855965299 0.417277285940905 0.101496871654664
0.238455829144346 0.23053995537415 0.424066103682448 0.106938111799057
0.251107644752512 0.163670345557509 0.474819362879598 0.110402646810381
0.195093423257242 0.137706812857576 0.568854909515853 0.0983448543693289
0.231848437033509 0.198224044678197 0.467951868755683 0.101975649532612
0.261568657471175 0.224294707991555 0.419607769787204 0.0945288647500665
0.222197510834678 0.127870618413725 0.541283640424444 0.108648230327153
0.176445763427403 0.203867731269736 0.514333522612202 0.105352982690659
0.279368466897469 0.186688381871457 0.430141296333875 0.103801854897199
0.274822491644397 0.128867832324178 0.506151461316304 0.0901582147151211
0.222491502227215 0.307525889358692 0.380070481878604 0.0899121265354887
0.293133887306171 0.120698401776869 0.493146565347267 0.0930211455696934
0.232572529771601 0.118697388454863 0.551819248722691 0.0969108330508442
0.26877416915255 0.173999544236231 0.460919531302439 0.0963067553087804
0.19340511275388 0.172640741428713 0.542122068977007 0.0918320768404007
0.282008526726803 0.163415392622631 0.450430580753867 0.1041454998967
0.231587601998631 0.259557277428511 0.41298913836191 0.0958659822109479
0.29752137443551 0.224734209739377 0.389326883796225 0.0884175320288877
0.29456555245799 0.146646611886662 0.458534999467936 0.100252836187412
0.290554517401848 0.210337346313784 0.396744860598185 0.102363275686184
0.218919508561025 0.278016423193755 0.406158048009882 0.0969060202353386
0.276476048639311 0.188135037624399 0.440070783048827 0.0953181306874632
0.305555179912448 0.177482131002791 0.406550258787653 0.110412430297109
0.274971457756983 0.154987569727605 0.468216724186262 0.10182424832915
0.332982284459821 0.171745904944122 0.398007757141359 0.097264053454698
0.276370190059116 0.192493001328136 0.432807463831138 0.0983293447816108
0.272142734894025 0.259650729264974 0.374073224245229 0.0941333115957713
0.276831667169087 0.162565930249019 0.470457189637132 0.090145212944762
0.257266270083793 0.121298958910256 0.525741029997131 0.0956937410088201
0.221410243713243 0.208335581586371 0.471876848366488 0.0983773263338986
0.252686065497292 0.11649360203604 0.535600389370842 0.0952199430958263
0.22148236507788 0.205485280777559 0.478024414759523 0.0950079393850382
0.280975826834732 0.206671288633814 0.419449657132654 0.0929032273987999
0.281179024909559 0.293602829934852 0.326159538498705 0.0990586066568832
0.242899738961162 0.164811444186627 0.4942878453723 0.0980009714799105
0.228482043410823 0.15877527347651 0.521485647245578 0.0912570358670892
0.236390424615036 0.0759305424284686 0.588954466539935 0.0987245664165595
0.278304748938884 0.132987437751711 0.497777498712163 0.0909303145972415
0.239159254367235 0.0989480750251465 0.569854553711008 0.0920381168966106
0.248738015842443 0.172159011724144 0.477473906947664 0.101629065485749
0.222957994610766 0.186704196128825 0.495175241488795 0.0951625677716139
0.222150216951477 0.166344279897144 0.50940158044819 0.102103922703189
0.205612197505305 0.180784540661067 0.515675945886462 0.0979273159471662
0.258912436105106 0.158102667203651 0.481317579575491 0.101667317115753
0.232839902262717 0.223391037046313 0.445359411591447 0.098409649099523
0.301229704934984 0.169776851185226 0.434990807613482 0.0940026362663073
0.29067234704669 0.16152925080136 0.456149255990389 0.0916491461615613
0.215899838610924 0.23066990405023 0.457191165631851 0.0962390917069941
0.266198266334761 0.229237486167166 0.412183211868132 0.0923810356299402
0.245692154096975 0.176140144554088 0.481682998895092 0.0964847024538447
0.263371735265636 0.165303083838199 0.480357889628074 0.0909672912680915
0.312777771904741 0.209999560238469 0.37828946421207 0.098933203644721
0.256336200509039 0.132564027086518 0.513973858690035 0.0971259137144083
0.220608715901891 0.186856137545373 0.494941698716423 0.097593447836314
0.257421758889311 0.19156378220811 0.4494193124042 0.10159514649838
0.288223376336679 0.154242787612674 0.472815613791076 0.0847182222595704
0.243223900743337 0.346191450453069 0.324778970968506 0.0858056778350882
0.255062886246101 0.147966918907039 0.504685352374364 0.0922848424724954
0.306625365070272 0.149508024136637 0.449421852657344 0.0944447581357467
0.235490499926563 0.271142660247202 0.389617554867714 0.103749284958521
0.249255184106056 0.161332103919364 0.499184910936894 0.0902278010376858
0.259159263364255 0.121492883321672 0.527970079195116 0.0913777741189565
0.26309075519816 0.196929735213688 0.446741184824445 0.0932383247637077
0.234996767697725 0.139075240175003 0.535947918032036 0.0899800740952363
0.240852767251269 0.129152034179082 0.544395485842839 0.0855997127268101
0.278876395372683 0.273795729350806 0.344924584033842 0.10240329124267
0.282848434597528 0.206534802233586 0.413253716530891 0.0973630466379946
0.207270204088739 0.177928909521153 0.526109121133362 0.0886917652567459
0.238049083819029 0.180498457759035 0.483780480745009 0.0976719776769268
0.235170647600634 0.29255787280325 0.380020518675707 0.0922509609204096
0.206190045683682 0.176866590643179 0.518353138050515 0.0985902256226249
0.197475232778138 0.186054619036923 0.513023635437855 0.103446512747084
0.280474459727577 0.211874780514872 0.410222509999261 0.0974282497582905
0.223704934620959 0.205464448009311 0.47372062247768 0.0971099948920495
0.256025830346727 0.185173874000277 0.458241382044163 0.100558913608832
0.263719764057614 0.180906788329316 0.459045317845637 0.0963281297674334
0.222842801461737 0.166437172902121 0.516220861802899 0.0944991638332429
0.23749769078793 0.142167055632782 0.527849371493797 0.0924858820854905
0.270796068434061 0.145002939133126 0.489745394086535 0.0944555983462786
0.28908161694336 0.155047941999009 0.455570347285635 0.100300093771996
0.275594764495501 0.214449233836458 0.423019242270033 0.0869367593980081
0.281597888251383 0.106033098597082 0.513232643513331 0.0991363696382041
0.288082866089288 0.166124473405758 0.457586419673087 0.0882062408318672
0.279513684040242 0.141456299186767 0.480694120957088 0.0983358958159029
0.256148162940183 0.149553977527313 0.503384921811813 0.0909129377206913
0.264425391712223 0.144345136158115 0.499765507789051 0.0914639643406114
0.209985016422174 0.262008581081755 0.427240333494348 0.100766069001723
0.260028064767749 0.16965369098156 0.46571339034842 0.104604853902271
0.258752002802478 0.132390721069392 0.50613808883385 0.10271918729428
0.271354783300646 0.241343364239923 0.386497600704624 0.100804251754806
0.292153359010175 0.28331457620421 0.322345265443341 0.102186799342274
0.25280465621414 0.196686373396951 0.454012763315038 0.0964962070738709
0.237970713625796 0.161485661149554 0.498384296990824 0.102159328233826
0.221080747255263 0.169376662053338 0.506404388547032 0.103138202144367
0.228518967526355 0.220997545295966 0.460083562035488 0.0903999251421919
0.214863019376785 0.21078878028244 0.480627452097797 0.0937207482429781
0.281234459463517 0.162651607257259 0.457376112962909 0.0987378203163154
0.218734322834499 0.167987576679208 0.515408156404179 0.0978699440821136
0.186182937940555 0.231242689003237 0.483164797448439 0.0994095756077686
0.280561882114329 0.102435111554099 0.521909449574921 0.095093556756651
0.266145291380319 0.19601056171983 0.449835564025165 0.0880085828746861
0.301783894016542 0.15028774479682 0.452841641023773 0.0950867201628647
0.273176278929259 0.183254742048544 0.444058109983057 0.0995108690391391
0.226303993394273 0.178501476200103 0.489752542663049 0.105441987742575
0.237974384103567 0.230779009913766 0.434012272866165 0.0972343331165023
0.275597749196726 0.148934689830208 0.474951489167387 0.100516071805678
0.270507571606821 0.186834870973121 0.440804096333724 0.101853461086334
0.214383227082248 0.210423282263226 0.486619445432176 0.0885740452223499
0.212053119892653 0.346448032112933 0.347636056868787 0.0938627911256276
0.246490588744725 0.16836626431411 0.495101194602166 0.0900419523389984
0.210269062651888 0.151237194224144 0.543783264900228 0.0947104782237402
0.214685417180278 0.379677954611649 0.30901129189854 0.0966253363095328
0.229211466547435 0.252257621889806 0.421672719198852 0.0968581923639066
0.300117374314677 0.103067999805031 0.496901525830255 0.0999131000500369
0.251182333407708 0.304154684225583 0.351531500965347 0.0931314814013623
0.238257487566655 0.243302330827295 0.422993039911721 0.0954471416943296
0.303336072910339 0.138204952143395 0.46106153140336 0.0973974435429055
0.257727689875927 0.150408499809429 0.494617206825968 0.0972466034886765
0.239672823559886 0.0962776916430605 0.563353146462023 0.100696338335031
0.244485498108767 0.162341347506158 0.493776664190157 0.0993964901949184
0.248172699980477 0.172963730946001 0.490084457526234 0.088779111547287
0.221072781474853 0.168311141392279 0.519138857197257 0.091477219935611
0.276594866086163 0.237050714950326 0.383729811782779 0.102624607180732
0.25042598016291 0.177144997476252 0.478653220873737 0.093775801487101
0.221247476359342 0.152371809707658 0.519883272105974 0.106497441827026
0.27020949211679 0.339347811148094 0.296020991129762 0.0944217056053547
0.197079078524585 0.168865544964703 0.535559583591014 0.0984957929196988
0.252436685254859 0.160499758630963 0.489998317990171 0.097065238124007
0.219551572374344 0.217200522353818 0.473109834325489 0.0901380709463489
0.285859541661611 0.186337210559945 0.433960748917837 0.0938424988606063
0.204825070812143 0.186370263597715 0.52214150522813 0.0866631603620112
0.230462353665478 0.186494254128858 0.475785592856835 0.107257799348829
0.236984929827883 0.145247807182515 0.516757488918602 0.101009774071
0.26945803510833 0.13770432387464 0.500801350385253 0.0920362906317769
0.212272527587449 0.123845298915436 0.564308161720772 0.0995740117763431
0.280177221837905 0.310360722906126 0.309369308238953 0.100092747017016
0.287511193281078 0.194695078448929 0.421656249223174 0.0961374790468186
0.249488536416355 0.194396597659148 0.456778737745867 0.0993361281786288
0.270659568496464 0.176290215719687 0.44900036811134 0.104049847672509
0.247453377667279 0.204084505325418 0.449962042125434 0.0985000748818689
0.238157683947553 0.1815251200885 0.478864588854629 0.101452607109317
0.263079140215357 0.102580359662508 0.541646330142825 0.0926941699793098
0.233131337629619 0.145804573319149 0.51836246491852 0.102701624132712
0.251411015015713 0.160666950845269 0.490905492257897 0.0970165418811209
0.214804283713599 0.149120486037845 0.541662220261905 0.0944130099866508
0.29754767954838 0.140139674820039 0.46863347065408 0.0936791749775013
0.273220924362411 0.198628916089001 0.435724504693922 0.0924256548546654
0.269658862108587 0.129434902635845 0.491970909991039 0.108935325264529
0.253506768549949 0.183010711450764 0.463685831124981 0.099796688874306
0.205736160431478 0.217594134484395 0.475880500856895 0.100789204227231
0.222465917107996 0.258615569717005 0.421349217675444 0.0975692954995546
0.253315809774601 0.155863159104221 0.500364186814001 0.0904568443071775
0.227761019399863 0.159532398919534 0.516090433645023 0.0966161480355788
0.269846854855646 0.201256918558139 0.434483216599565 0.0944130099866508
0.245552972351989 0.144430521606729 0.51146076115539 0.0985557448858921
0.263427990872787 0.192133839897071 0.440521110177686 0.103917059052456
0.244911694689746 0.144164576662713 0.515904153542599 0.0950195751049412
0.252588000704832 0.143739716814358 0.515883170324161 0.0877891121566491
0.244384518256305 0.146668608905631 0.511527607042733 0.0974192657953311
0.278406611680396 0.191249687246168 0.431328526868266 0.0990151742051707
0.199842037368122 0.173142707712373 0.519411757515991 0.107603497403514
0.255400726313948 0.126627420070385 0.515664556851213 0.102307296764455
0.230472790070722 0.0852288778537977 0.579336523560864 0.104961808514616
0.190810593899298 0.280977581091464 0.433235254087221 0.0949765709220167
0.267997741945765 0.200017613962508 0.443080652787584 0.0889039913041426
0.27238456096254 0.273125800729349 0.352600630603687 0.101889007704424
0.254561922486805 0.107626685221402 0.552264530501575 0.0855468617902179
0.250537477544962 0.169463494405238 0.47768404546065 0.10231498258915
0.277588461842317 0.162689729263956 0.469859920992507 0.0898618879012208
0.253224253834008 0.139823781094399 0.499802926509934 0.107149038561659
0.28053058107553 0.139903480343777 0.477911245158953 0.10165469342174
0.198218384900194 0.133397851082933 0.575760809744227 0.0926229542726468
0.282361219613599 0.144270206794661 0.464736669369624 0.108631904222116
0.308554119856634 0.250314789012151 0.353100581554207 0.0880305095770072
0.257998016374682 0.242272812135887 0.393454359637229 0.106274811852201
0.296956684316541 0.136403945915495 0.478301560580849 0.0883378091871149
0.300219763486254 0.185357518247619 0.418847576501883 0.0955751417642444
0.273689745474838 0.167448852562437 0.464348175797488 0.0945132261652369
0.282270929017528 0.141263979739941 0.473158616784606 0.103306474457925
0.293620440010522 0.237605975394742 0.370722443124452 0.0980511414702839
0.255525801997089 0.222139121250896 0.423866139536153 0.0984689372158621
0.278132202087607 0.248884971200591 0.37017502846279 0.102807798249013
0.212321377766216 0.192361273649352 0.507337179882694 0.0879801687017373
0.255681940399028 0.185173212034141 0.463702495475708 0.0954423520911228
0.247438717771637 0.259443525196873 0.399715084858341 0.0934026721731496
0.297225829760156 0.174899703609633 0.431140959382108 0.0967335072481017
0.297080866128643 0.194992059964902 0.408352346337685 0.099574727568769
0.250429627835528 0.240398767314523 0.416614531834062 0.0925570730158866
0.261338853065144 0.172125189660426 0.461354839800728 0.105181117473701
0.186916545498402 0.152335977124777 0.564782117364394 0.0959653600124275
0.272282136717227 0.126132862105417 0.507116989820966 0.0944680113563898
0.229478946012808 0.210151691028165 0.468272242728377 0.0920971202306507
0.2131739846068 0.175914101869432 0.515077057738701 0.0958348557850668
0.276419843091855 0.152310843206194 0.466790697422339 0.104478616279611
0.23417346050803 0.122748919376155 0.544872332782624 0.0982052873331913
0.227626476891894 0.179698726283 0.493977531313461 0.0986972655116449
0.268334184755818 0.239676290924855 0.394608318342725 0.0973812059766023
0.229267091556398 0.12057233547557 0.560379490465199 0.0897810825028338
0.302085726245511 0.239189361329241 0.364370404997972 0.0943545074272762
0.223821011091289 0.243445244911397 0.438092990430482 0.0946407535668322
0.266574939987537 0.214436856963151 0.430683519478421 0.0883046835708917
0.302422306082657 0.183637941186563 0.425313387193715 0.0886263655370649
0.247268684402598 0.136073789330055 0.520819640874999 0.0958378853923472
0.250077175944516 0.2076544447328 0.440522550733466 0.101745828589218
0.257366575412495 0.176805995470085 0.475126980029022 0.0907004490883977
0.276787625599719 0.151544621110708 0.475793566583674 0.0958741867058998
0.193615830856283 0.166586975695382 0.55098968111942 0.0888075123289151
0.300069019719576 0.197597713353327 0.402911331055237 0.0994219358718589
0.220635740419972 0.160089900846696 0.531045919677743 0.0882284390555888
0.232052521707667 0.36073013630106 0.30990716391218 0.0973101780790924
0.211993978643435 0.249458952425661 0.441790443475358 0.0967566254555462
0.255367094834262 0.190007002816512 0.454216207961334 0.100409694387892
0.239105743492323 0.246584243927418 0.416309847832516 0.0980001647477435
0.262039399961912 0.167953155030476 0.473827007273716 0.096180437733896
0.264906063195018 0.133395764542922 0.506237740556145 0.0954604317059152
0.251873729239166 0.21667953918823 0.438037125868658 0.0934096057039467
0.245993365938178 0.198947689573418 0.454524390958443 0.100534553529961
0.220217570495238 0.186044887038869 0.489139070505711 0.104598471960182
0.268661743020612 0.180235406753428 0.44826701458632 0.10283583563964
0.268242197240771 0.270702302272538 0.355040009531228 0.106015490955462
0.237294671820511 0.0896111571124925 0.573794360964832 0.0992998101021644
0.284786987457557 0.158828771065022 0.471222137718032 0.0851621037593893
0.274546557104361 0.172130113908334 0.455145385659809 0.0981779433274961
0.228657840530312 0.192101483080193 0.491517606851428 0.0877230695380664
0.203272371192518 0.158273533082533 0.541829657643936 0.0966244380810125
0.189016947767528 0.22767061402788 0.487301719215133 0.0960107189894582
0.229394506183264 0.216339700789776 0.453691385613608 0.100574407413352
0.224947768466681 0.208862272750165 0.484262850263195 0.0819271085199592
0.213252525766167 0.162497116923655 0.529791534399812 0.0944588229103669
0.245474194020099 0.145598607993341 0.501615751166751 0.107311446819809
0.242235399805494 0.188457360381531 0.465611875081357 0.103695364731618
0.276418789637294 0.148304826733513 0.479293279241779 0.0959831043874141
0.209538623679886 0.215013885296559 0.472749120686445 0.10269837033711
0.233614755980772 0.190892898059785 0.479266890424219 0.0962254555352244
0.279215967664934 0.155511565067086 0.467654201348363 0.0976182659196171
0.317377808445939 0.108821639136041 0.483056624745193 0.0907439276728267
0.268180009060642 0.274000193064603 0.369004087001311 0.0888157108734434
0.252795071250453 0.147573766484999 0.508484762817834 0.0911463994467138
0.273195573679742 0.121507516782987 0.500965093284227 0.104331816253045
0.211878912239229 0.210480748019196 0.473222915918597 0.104417423822978
0.255832733480411 0.146024462887604 0.489958291609486 0.108184512022498
0.193167562677276 0.183841235166003 0.530073742460422 0.0929174596962991
0.310157619066764 0.20467298649479 0.377251093338105 0.107918301100341
0.235393519064375 0.271568627887927 0.403790644413663 0.0892472086340341
0.26588723414574 0.161243202721205 0.469767769113065 0.10310179401999
0.279058463440326 0.132829575988541 0.490596183331498 0.0975157772396348
0.262636490603481 0.106016221228864 0.528283457518825 0.103063830648829
0.219143238370048 0.183458068660888 0.490760372932454 0.106638320036611
0.284553685010658 0.199995945304111 0.417865996044021 0.0975843736412099
0.258059014647119 0.229493094315587 0.416200149890607 0.0962477411466876
0.282923475824773 0.187044906744658 0.431756074559398 0.0982755428711715
0.273129736034655 0.109386216095181 0.532421604669152 0.0850624432010123
0.274819920408165 0.241503260198837 0.387102699508707 0.0965741198842919
0.276891361218697 0.218338597799723 0.401764501523971 0.103005539457609
0.233884010273504 0.137618998630024 0.530760389417756 0.0977366016787163
0.217821330357667 0.193896012523699 0.501026814511649 0.0872558426069856
0.260685708511336 0.133299329400124 0.506874849407809 0.0991401126807311
0.337217364128105 0.14377527206787 0.431302145820223 0.0877052179838019
0.185570035461336 0.204246755966043 0.505844280635523 0.104338927937098
0.289028480531665 0.205531314637946 0.407218113201018 0.0982220916293711
0.274694839663508 0.194216408828808 0.425451917001718 0.105636834505966
0.263760607390574 0.13362537077367 0.508286679843027 0.094327341992729
0.251094566065995 0.245231268000458 0.396562301768988 0.107111864164559
0.268923887119037 0.255956092107108 0.380687680680222 0.0944323400936331
0.287687529432531 0.183336610097249 0.4278362224554 0.10113963801482
0.255496308025945 0.194468216999878 0.465550695677898 0.0844847792962788
0.297046512692194 0.184276697658374 0.41443506537271 0.104241724276722
0.277566434859737 0.178999533985333 0.44768671559153 0.0957473155634002
0.246257354312229 0.215675866291137 0.445093740835254 0.09297303856138
0.238951081079522 0.0829974210229773 0.582040778908042 0.0960107189894582
0.315420428650853 0.107287067792963 0.478841856694667 0.0984506468615168
0.20685878093565 0.178206893451432 0.523056669860948 0.0918776557519692
0.206111103919958 0.209175764339292 0.481016566577492 0.103696565163258
0.211701175293948 0.1655915105067 0.530536896707822 0.0921704174915299
0.288491433132889 0.266734190378673 0.343168480653977 0.10160589583446
0.279312437564097 0.09600007305286 0.540776362457939 0.0839111269251043
0.263414463647886 0.213831049659221 0.434515245436891 0.0882392412560024
0.300168850717099 0.264956528622602 0.337438085457353 0.0974365352029455
0.240440529574155 0.214075941958552 0.446348031863463 0.0991354966038303
0.264580791326623 0.240819440328103 0.399461574455452 0.0951381938898208
0.245349744912099 0.170967537007371 0.479476075349654 0.104206642730876
0.272545952895631 0.15702603842406 0.466839365728184 0.103588642952124
0.291772691197401 0.219898308715984 0.3950619745252 0.0932670255614143
0.294445078363825 0.127025366196844 0.479578245069528 0.0989513103698027
0.233786847257737 0.271278364099543 0.396865426259491 0.0980693623832278
0.294063978289255 0.18535049131653 0.429378717296524 0.0912068130976905
0.274774654316689 0.268413981804175 0.358707101717243 0.0981042621618926
0.31264566499857 0.232386495603133 0.357730383283871 0.097237456114426
0.229261715725035 0.208833563282591 0.47581540668818 0.0860893143041946
0.311262865634686 0.158218776201092 0.436317301589731 0.0942010565744907
0.284702943169799 0.176424879408558 0.437473302754008 0.101398874667634
0.244043258158477 0.209299731482237 0.447195137158077 0.0994618732012093
0.262857990555301 0.337234317149488 0.304675631992455 0.0952320603027562
0.274341867484717 0.189081051137532 0.442226952097137 0.0943501292806139
0.284159813329585 0.138450202640822 0.483071830144828 0.0943181538847652
0.229836552651836 0.234814390719167 0.447889752059608 0.0874593045693891
0.265578068697455 0.160234641906433 0.473867937825736 0.100319351570376
0.256850847289396 0.226505189286007 0.416926298689332 0.0997176647352645
0.229293092223783 0.171176269255244 0.506914729567198 0.0926159089537746
0.237133900971701 0.232086638901137 0.427329995871756 0.103449464255406
0.262890261000765 0.154375196936211 0.477346910771821 0.105387631291203
0.227746162940621 0.226837656679031 0.438222852575921 0.107193327804428
0.250702099533673 0.223768466400267 0.432249266525193 0.0932801675408671
0.28475399671747 0.182995048095251 0.430932195336772 0.101318759850507
0.28833205607836 0.110651959923825 0.497105432778798 0.103910551219017
0.261015392396032 0.178242847490461 0.468025848985693 0.0927159111278139
0.272173637721758 0.132888473622668 0.49955231981337 0.0953855688422032
0.255550072478425 0.221773898226673 0.43422477517123 0.0884512541236712
0.292807890103013 0.178447609903447 0.436972260953586 0.0917722390399548
0.204574782521359 0.206906989726811 0.491902436274093 0.0966157914777371
0.236878674385652 0.187807153278186 0.48148779846337 0.0938263738727923
0.239364409012451 0.205338121078741 0.465357820685308 0.0899396492234993
0.243297836089073 0.139602169825464 0.515582628442998 0.101517365642466
0.232842978816391 0.114880061906421 0.554139797391945 0.0981371618852427
0.22085416898711 0.162758141543354 0.507969139769191 0.108418549700346
0.271343164762494 0.111621207252552 0.517472697211464 0.09956293077349
0.212560168260308 0.27771450034835 0.417953092351387 0.0917722390399548
0.220042815808321 0.186888582488751 0.494371336191283 0.0986972655116449
0.198301132749501 0.210396918816156 0.498044427013669 0.093257521420674
0.210502658063871 0.160269019620377 0.53435478474656 0.0948735375691925
0.315902888783102 0.199554818881043 0.385418323531921 0.0991239688039336
0.268259845261722 0.16317172158463 0.472765145326519 0.0958032878271289
0.259486016340479 0.19986119911501 0.444867548342424 0.0957852362020864
0.207730414765448 0.173232057155984 0.527114309999566 0.0919232180790027
0.197298573917439 0.139567185734343 0.574355128800931 0.088779111547287
0.21344783327079 0.153629005993984 0.540386928702538 0.0925362320326883
0.274587788293897 0.114051122640096 0.506794316380286 0.104566772685721
0.245951253128217 0.151964053576984 0.503360126878239 0.0987245664165595
0.281693161776441 0.161279360283201 0.452741055912123 0.104286422028235
0.277951450006167 0.160160581924001 0.459623188858699 0.102264779211133
0.256615630515142 0.126448518653189 0.522474322974837 0.0944615278568325
0.283972806280616 0.154022895981367 0.470747261870929 0.0912570358670892
0.202526143576966 0.193152818981702 0.510030942676444 0.0942900947648879
0.227855307570196 0.215953118661462 0.45452425665259 0.101667317115753
0.242934362347029 0.160757717379382 0.492611627069135 0.103696293204454
0.325620010476059 0.273031910272481 0.307311253784186 0.094036825467274
0.2777189548144 0.132685138263346 0.496779091924004 0.0928168149982498
0.257472371540786 0.157911933215067 0.492000646308941 0.0926150489352059
0.268747085077878 0.284444627317779 0.345270510876261 0.101537776728082
0.201180466085943 0.184098377294311 0.515630343217486 0.0990908134022598
0.280725569805673 0.259323455036037 0.361616118565701 0.0983348565925893
0.282131388321632 0.166418240049028 0.456773651439286 0.0946767201900533
0.247360645663788 0.140624052868875 0.510502245356397 0.10151305611094
0.275149982724514 0.202951976213029 0.42153993625609 0.100358104806366
0.280678550518584 0.163721866046675 0.456639181056949 0.0989604023777916
0.284650644967297 0.260614910354597 0.360375494703671 0.094358949974436
0.243753315066439 0.171515405318972 0.485826745340877 0.0989045342737125
0.239598492370676 0.175405287470071 0.487483550047167 0.0975126701120859
0.285905877994459 0.163408473388761 0.453553330835942 0.097132317780838
0.229181770471475 0.192123582125584 0.477316112868576 0.101378534534365
0.266925899533564 0.127881208982402 0.507776817632689 0.0974160738513446
0.288820168878292 0.116583400638207 0.494273339473403 0.100323091010099
0.25737510336097 0.266765584674421 0.376284307695975 0.0995750042686351
0.280126581703363 0.28000935669223 0.342953228553563 0.0969108330508442
0.275406024824393 0.191799719070883 0.442628349756207 0.0901659063485164
0.275942992570808 0.141151383319197 0.490982406030993 0.0919232180790027
0.264866165068179 0.135909353198276 0.500691270809239 0.098533210924307
0.200939710952354 0.165854786575252 0.533559477391773 0.0996460250806212
0.286619947012748 0.250086163632685 0.3656189388017 0.0976749505528667
0.237402079929141 0.124348018467564 0.539219570490199 0.0990303311130968
0.317208633958654 0.179501766613121 0.405285262222409 0.098004337205817
0.282075335038287 0.177030341461313 0.443081527029102 0.0978127964712978
0.283071832782258 0.19789227604101 0.424919272232059 0.0941166189446722
0.288023618773769 0.110790718661376 0.511444319650401 0.0897413429144538
0.26828731123017 0.202995495576274 0.433650187438682 0.0950670057548742
0.242871167268488 0.17655174621487 0.494359091416981 0.0862179950996605
0.254924604283358 0.166126324884031 0.483848901111781 0.0951001697208295
0.244175344391774 0.192163152525826 0.461096884056202 0.102564619026198
0.238631237748938 0.167820629243355 0.492690569968527 0.10085756303918
0.259123658200408 0.103945429425939 0.535136674149371 0.101794238224282
0.2564082961742 0.144492711926704 0.498990840816445 0.100108151082651
0.28117191695942 0.140279044591071 0.482301992014945 0.0962470464345637
0.264157134244173 0.158586568289641 0.473846052913667 0.103410244552519
0.243329666110903 0.244220136051545 0.413709354457844 0.098740843379708
0.264463249204514 0.239125707692103 0.399873327476775 0.0965377156266085
0.218034595123838 0.337148106754088 0.341019342628739 0.103797955493336
0.228100278874578 0.220047002227217 0.451739530089903 0.100113188808302
0.28467759781955 0.100152302755436 0.517568694326275 0.0976014050987394
0.303233778700772 0.26618228292811 0.329759834053234 0.100824104317884
0.254943028227642 0.0870727272980922 0.552189568411787 0.105794676062479
0.27323053075749 0.219104271909437 0.41605958211783 0.0916056152152431
0.232605159645366 0.207252413703467 0.467144889329587 0.0929975373215802
0.274665682714562 0.190804242247549 0.443108767386958 0.0914213076509303
0.277371759617435 0.201431033876373 0.418001954841361 0.103195251664831
0.24778272229591 0.118039479885547 0.534455418808766 0.0997223790097769
0.220534342320352 0.15324676671983 0.536677341440189 0.0895415495196299
0.249452890078889 0.120001080301433 0.539801915967984 0.0907441136516932
0.274581808340348 0.125654426936622 0.503314205989834 0.0964495587331963
0.288327825153601 0.124295399799345 0.491962228686304 0.0954145463607499
0.208128504273877 0.181917075836988 0.520232751273102 0.0897216686160329
0.239514446006377 0.21765466821343 0.444030121591867 0.0988007641883258
0.287825902171078 0.0913425385422483 0.523468512648679 0.0973630466379946
0.261761940859497 0.154822827071737 0.48009763642368 0.103317595645086
0.288078309416318 0.186337114356434 0.427339287169234 0.0982452890580147
0.243842459467491 0.123749704220159 0.539549933694495 0.0928579026178542
0.204485223734046 0.105664787386856 0.583295520585155 0.106554468293943
0.256476430193379 0.13917462110347 0.511059689567663 0.0932892591354882
0.310399993517894 0.275520605003815 0.317337960052497 0.0967414414257947
0.209118335693344 0.152954693536718 0.533558263375187 0.104368707394751
0.316631388193473 0.212965573912145 0.367983438326529 0.102419599567853
0.248068906983074 0.24105529550669 0.412883623292113 0.0979921742181234
0.242594929793488 0.222661503766812 0.442889413613362 0.0918541528263369
0.288456754261573 0.14965303815726 0.460784436266271 0.101105771314896
0.241541990675045 0.166766664010031 0.493486057981733 0.0982052873331913
0.29113069307509 0.15200904628821 0.462923176843641 0.0939370837930593
0.282529441975819 0.211913676724266 0.402916416315738 0.102640464984178
0.230591046752744 0.223883913799684 0.445879014366951 0.0996460250806212
0.228906320724263 0.228649634689017 0.454088360064116 0.0883556845226037
0.301773356370039 0.203321440025119 0.407041262064598 0.0878639415402439
0.27403170122551 0.219796183784905 0.406992452698008 0.0991796622915772
0.268836878430298 0.152208519071853 0.483636471810386 0.0953181306874632
0.259452281356978 0.159330448388297 0.490293168170515 0.0909241020842109
0.294743490628734 0.233176609109991 0.382420018691355 0.0896598815699202
0.269848537446466 0.167735550848468 0.470818763070642 0.0915971486344235
0.298248134063527 0.163774162793224 0.442461777138854 0.095515926004395
0.210270643082193 0.152372641752028 0.549378271379447 0.0879784437863327
0.215851674792636 0.157914649926303 0.523100638521659 0.103133036759402
0.280379172174133 0.0782430608653886 0.543406709326724 0.097971057633755
0.234400450092209 0.235048914004208 0.434152852204965 0.096397783698619
0.229987650851408 0.197153569918398 0.47509166044705 0.0977671187831444
0.247555824630854 0.156185145974477 0.497796262897179 0.0984627664974895
0.277461562294701 0.0935049407590517 0.535387630517688 0.0936458664285593
0.210500963458881 0.181168914478811 0.510428859951897 0.0979012621104111
0.328422361707635 0.244598228752719 0.324541609279834 0.102437800259812
0.255071283826574 0.237095320208069 0.419017685091914 0.0888157108734434
0.269045091900503 0.180385270307085 0.4476613499564 0.102908287836012
0.33394169402069 0.21921895464978 0.356611550291844 0.0902278010376858
0.241215210631135 0.238474926412276 0.419965136113065 0.100344726843524
0.225835456446359 0.21002094372715 0.473451467267888 0.0906921325586033
0.239113613609505 0.164526153345887 0.495792234067198 0.100567998977409
0.201713890754186 0.145664420589923 0.562393405888858 0.0902282827670325
0.23440400951134 0.25196300421525 0.423279376229131 0.0903536100442791
0.236499060761592 0.33058992219888 0.340920312575938 0.09199070446359
0.240855748990847 0.157432190504881 0.512085751804777 0.0896263086994945
0.305295066686297 0.258708663259017 0.345022101747831 0.0909741683068558
0.313565110955769 0.130898302966952 0.45212634152476 0.103410244552519
0.291014241785506 0.211110506442109 0.394095795596248 0.103779456176138
0.321814015862443 0.186185890733555 0.402819037005625 0.0891810563983766
0.267545958147159 0.0801945225235298 0.557546060542722 0.0947134587865892
0.29382900590748 0.173288721578878 0.435847363287131 0.097034909226511
0.278451324918352 0.201618857812768 0.421732129445192 0.098197687823688
0.247200263472844 0.172204803897847 0.47948842892395 0.101106503705359
0.244685078552991 0.143614524059826 0.514323469017472 0.0973769283697111
0.278834230359986 0.224172607072989 0.40475021278511 0.0922429497819154
0.238451481128083 0.192155823807677 0.461599958042321 0.107792737021919
0.230449449899278 0.289341812829616 0.380874845567076 0.0993338917040298
0.22240430256614 0.225590538093777 0.458043909954056 0.0939612493860277
0.273301971644608 0.249684291103963 0.363579998166379 0.11343373908505
0.293533558594797 0.148430739781401 0.45662519482293 0.101410506800873
0.254344563982524 0.150903081237954 0.490928815965295 0.103823538814226
0.308663386103255 0.154624775047561 0.436783706625422 0.0999281322237612
0.244606035198745 0.153680069815305 0.507027061051003 0.0946868339349474
0.278246629074732 0.231463242190745 0.38901376085519 0.101276367879333
0.203639342358513 0.172365288189704 0.525683007568836 0.0983123618829476
0.225959172098036 0.133712524153281 0.542000992457412 0.0983273112912709
0.241339752897348 0.15819976853988 0.513333943487211 0.0871265350755614
0.30659713219955 0.124988863246256 0.468062101022911 0.100351903531283
0.22408116520128 0.275110236898954 0.400255670951673 0.100552926948094
0.196991631519281 0.197873064471041 0.507047898712603 0.0980874052970755
0.19765778650699 0.304519409062387 0.398706000341507 0.0991168040891161
0.25798896947316 0.13509740685377 0.503837314486035 0.103076309187035
0.270270817501351 0.214325170027951 0.417103522602703 0.0983004898679947
0.296923245640812 0.179272864703781 0.424601129417574 0.0992027602378341
0.218799768321061 0.247816288686859 0.441177903287829 0.0922060397042516
0.263781674553186 0.147144939861613 0.496251601848946 0.0928217837362554
0.221902914374757 0.169275030792692 0.516896059351117 0.0919259954814336
0.260995045632147 0.226595229867868 0.408021915187038 0.104387809312946
0.3012858745479 0.138387806803156 0.46358487722315 0.0967414414257947
0.236110223207877 0.275486210619453 0.3883906843668 0.10001288180587
0.246941992136408 0.214551693195415 0.444779657736564 0.0937266569316129
0.244242750850541 0.206273484907436 0.446465779853228 0.103017984388795
0.311324299602301 0.109763708684689 0.487854849975038 0.0910571417379728
0.245506688591134 0.281212619431403 0.379144164209415 0.0941365277680472
0.272991180084435 0.207644688669308 0.422448463679369 0.0969156675668882
0.273208489693095 0.178315687168524 0.453630165594269 0.0948456575441125
0.244556998819639 0.172047423893343 0.489428791985743 0.0939667853012748
0.292063577529464 0.23555730532455 0.384139875889983 0.0882392412560024
0.274676550751365 0.158316920067473 0.466042536406188 0.100963992774974
0.202746775951901 0.189310753318615 0.514246886893218 0.0936955838362667
0.246002829624335 0.153190961028144 0.499138892231768 0.101667317115753
0.2267064593437 0.101142099600453 0.568638325654649 0.103513115401199
0.264761460831901 0.155701151145492 0.488186933925562 0.0913504540970445
0.216065865661996 0.222167763099455 0.4642041108486 0.0975622603899487
0.323993229758325 0.20658708139431 0.36886676189927 0.100552926948094
0.239943426498985 0.134730136849598 0.530676814086311 0.0946496225651065
0.278545490043862 0.246094631241053 0.383554938557769 0.0918049401573155
0.286267500128105 0.155761848064513 0.459228915249105 0.0987417365582765
0.324877773447623 0.146799091367398 0.432704302913466 0.0956188322715127
0.245091479953393 0.202788774803532 0.464330633086426 0.0877891121566491
0.306250362277007 0.177856670394317 0.423983102564597 0.0919098647640788
0.218330718383004 0.0942254619189593 0.594796010417897 0.092647809280139
0.3267806211455 0.199557751456235 0.376421094645745 0.0972405327525202
0.213583738864105 0.177985934031521 0.516282861431173 0.0921474656732006
0.2612753894903 0.236499989493426 0.396182408562961 0.106042212453313
0.269334764401149 0.214808794995007 0.41871249918573 0.0971439414181143
0.253120717402776 0.19730431067332 0.448975586232677 0.100599385691227
0.259070856037752 0.20504098505396 0.443732747830428 0.0921554110778598
0.230519778294453 0.133042783880013 0.537104209187517 0.0993332286380176
0.203958083127327 0.150793594270167 0.535949756087683 0.109298566514823
0.223897029564138 0.154931975326171 0.536317291939967 0.0848537031697239
0.28453468818845 0.201323405791827 0.423707508592355 0.0904343974273689
0.24341250302553 0.246354346188557 0.40668953532771 0.103543615458203
0.250991795043885 0.167924252326202 0.482697570650411 0.0983863819795014
0.239088370627363 0.133605710966571 0.531677909320511 0.0956280090855552
0.271986720320992 0.138532864353711 0.4965735338267 0.0929068814985969
0.231381944796625 0.176107482937295 0.500125460086566 0.092385112179514
0.193963632893158 0.144157055508172 0.558926286785497 0.102953024813173
0.219456437726405 0.133996290160154 0.550729702228445 0.0958175698849963
0.272941384928828 0.138618069118243 0.482479111659432 0.105961434293497
0.236222519705132 0.188490066078398 0.471520138425225 0.103767275791246
0.307066316946904 0.133264529818822 0.453933812146949 0.105735341087325
0.279944466524836 0.209975621307682 0.410724590971715 0.0993553211957674
0.235766335506346 0.129323578252659 0.541282922043805 0.09362716419719
0.270152104400567 0.222130375878225 0.40818923000128 0.0995282897199275
0.219613628278083 0.138871433984406 0.547744512160144 0.0937704255773672
